   0.0000000e+00   0.0000000e+00   0.0000000e+00   2.4877662e-05
   2.5000000e-01   0.0000000e+00   0.0000000e+00   5.9859601e-04
   5.0000000e-01   4.0524383e-03   9.5710229e-04   7.7108142e-03
   7.5000000e-01   4.2001347e-02   3.0861619e-03   5.4236108e-02
   1.0000000e+00   1.8056817e-01   6.6824098e-03   2.1538549e-01
   1.2500000e+00   4.8968295e-01   1.2279463e-02   5.1170809e-01
   1.5000000e+00   7.5511639e-01   1.6282024e-02   8.0138457e-01
   1.7500000e+00   8.8406735e-01   1.8293939e-02   9.5192402e-01
   2.0000000e+00   9.3896717e-01   1.9045261e-02   9.9344978e-01
   2.2500000e+00   9.4033903e-01   1.9035456e-02   9.9951356e-01
   2.5000000e+00   9.7794596e-01   1.9658289e-02   9.9998068e-01
   2.7500000e+00   9.8609921e-01   1.9780329e-02   9.9999959e-01
   3.0000000e+00   1.0003681e+00   2.0171222e-02   1.0000000e+00
   3.2500000e+00   9.7886111e-01   1.9848185e-02   1.0000000e+00
   3.5000000e+00   1.0013192e+00   2.0329941e-02   1.0000000e+00
   3.7500000e+00   1.0010362e+00   2.0379506e-02   1.0000000e+00
   4.0000000e+00   1.0013040e+00   2.0531421e-02   1.0000000e+00
   4.2500000e+00   1.0036447e+00   2.0645736e-02   1.0000000e+00
   4.5000000e+00   1.0129419e+00   2.1068500e-02   1.0000000e+00
   4.7500000e+00   1.0109345e+00   2.1162305e-02   1.0000000e+00
   5.0000000e+00   1.0115808e+00   2.1359188e-02   1.0000000e+00
   5.2500000e+00   9.8456361e-01   2.1126991e-02   1.0000000e+00
   5.5000000e+00   9.4889037e-01   2.0713242e-02   1.0000000e+00
   5.7500000e+00   9.8873867e-01   2.1678420e-02   1.0000000e+00
   6.0000000e+00   9.6839607e-01   2.1568673e-02   1.0000000e+00
   6.2500000e+00   9.9081990e-01   2.2294819e-02   1.0000000e+00
   6.5000000e+00   1.0082123e+00   2.2849064e-02   1.0000000e+00
   6.7500000e+00   1.0049454e+00   2.3107853e-02   1.0000000e+00
   7.0000000e+00   1.0051419e+00   2.3411753e-02   1.0000000e+00
   7.2500000e+00   9.9350653e-01   2.3576424e-02   1.0000000e+00
   7.5000000e+00   9.9851359e-01   2.4074352e-02   1.0000000e+00
   7.7500000e+00   1.0020737e+00   2.4652271e-02   1.0000000e+00
   8.0000000e+00   1.0115340e+00   2.5115143e-02   1.0000000e+00
   8.2500000e+00   1.0237697e+00   2.5883760e-02   1.0000000e+00
   8.5000000e+00   9.9953262e-01   2.5822026e-02   1.0000000e+00
   8.7500000e+00   9.9524145e-01   2.6250442e-02   1.0000000e+00
   9.0000000e+00   1.0369003e+00   2.7652562e-02   1.0000000e+00
   9.2500000e+00   1.0091535e+00   2.7589840e-02   1.0000000e+00
   9.5000000e+00   1.0317632e+00   2.8792510e-02   1.0000000e+00
   9.7500000e+00   1.0125393e+00   2.9026168e-02   1.0000000e+00
   1.0000000e+01   1.0084937e+00   2.9647654e-02   1.0000000e+00
   1.0250000e+01   1.0291662e+00   3.0763501e-02   1.0000000e+00
   1.0500000e+01   9.7877170e-01   3.0342480e-02   1.0000000e+00
   1.0750000e+01   9.9491039e-01   3.1588046e-02   1.0000000e+00
   1.1000000e+01   9.7665804e-01   3.1855575e-02   1.0000000e+00
   1.1250000e+01   9.8856650e-01   3.3135179e-02   1.0000000e+00
   1.1500000e+01   1.0242744e+00   3.5087824e-02   1.0000000e+00
   1.1750000e+01   9.9975791e-01   3.5601452e-02   1.0000000e+00
   1.2000000e+01   1.0400178e+00   3.7939068e-02   1.0000000e+00
   1.2250000e+01   9.9462566e-01   3.7896316e-02   1.0000000e+00
   1.2500000e+01   1.0284639e+00   4.0501287e-02   1.0000000e+00
   1.2750000e+01   9.9137368e-01   4.0830032e-02   1.0000000e+00
   1.3000000e+01   1.0320233e+00   4.3590516e-02   1.0000000e+00
   1.3250000e+01   1.0019316e+00   4.4409473e-02   1.0000000e+00
   1.3500000e+01   1.0243513e+00   4.7087876e-02   1.0000000e+00
   1.3750000e+01   9.9878916e-01   4.8519421e-02   1.0000000e+00
   1.4000000e+01   9.8297440e-01   4.9594330e-02   1.0000000e+00
   1.4250000e+01   9.7892048e-01   5.2086239e-02   1.0000000e+00
   1.4500000e+01   9.5134788e-01   5.3243020e-02   1.0000000e+00
   1.4750000e+01   1.0055980e+00   5.9702186e-02   1.0000000e+00
   1.5000000e+01   1.0105777e+00   6.3327907e-02   1.0000000e+00
   1.5250000e+01   9.6915140e-01   6.4541596e-02   1.0000000e+00
   1.5500000e+01   1.0132785e+00   7.2802859e-02   1.0000000e+00
   1.5750000e+01   1.0238009e+00   7.7084183e-02   1.0000000e+00
   1.6000000e+01   9.7587429e-01   7.8804718e-02   1.0000000e+00
   1.6250000e+01   9.3258066e-01   8.2324553e-02   1.0000000e+00
   1.6500000e+01   9.3945265e-01   8.8610714e-02   1.0000000e+00
   1.6750000e+01   9.8219227e-01   1.0166783e-01   1.0000000e+00
   1.7000000e+01   9.9339161e-01   1.1122905e-01   1.0000000e+00
   1.7250000e+01   8.4036777e-01   1.0869895e-01   1.0000000e+00
   1.7500000e+01   8.6583346e-01   1.2008394e-01   1.0000000e+00
   1.7750000e+01   9.8616964e-01   1.5164223e-01   1.0000000e+00
   1.8000000e+01   1.0214889e+00   1.7358825e-01   1.0000000e+00
   1.8250000e+01   1.0886582e+00   2.0839526e-01   1.0000000e+00
   1.8500000e+01   9.9382623e-01   2.1155718e-01   1.0000000e+00
   1.8750000e+01   1.0325467e+00   2.6022858e-01   1.0000000e+00
   1.9000000e+01   1.0042381e+00   2.7882047e-01   1.0000000e+00
   1.9250000e+01   1.2223531e+00   4.0746304e-01   1.0000000e+00
   1.9500000e+01   1.4497677e+00   5.3484089e-01   1.0000000e+00
   1.9750000e+01   1.2987502e+00   5.4613478e-01   1.0000000e+00
   2.0000000e+01   9.4454559e-01   5.3772022e-01   1.0000000e+00
   2.0250000e+01   2.5975004e+00   1.5579591e+00   1.0000000e+00
   2.0500000e+01   9.7406264e-01   7.9014487e-01   1.0000000e+00
   2.0750000e+01   3.3396433e+00   2.3190273e+00   1.0000000e+00
   2.1000000e+01   3.4633338e+00   3.2721940e+00   1.0000000e+00
   2.1250000e+01   5.9371437e+00   7.8187605e+00   1.0000000e+00
   2.1500000e+01   1.5585002e+01   3.6644096e+01   1.0000000e+00
   2.1750000e+01   6.9266677e+00   1.3789696e+01   1.0000000e+00
   2.2000000e+01             Inf             NaN   1.0000000e+00
